
Results for 3D filtering before reslicing for slice 0, experiment 1: 
MSE: 1276.3708605240913 
SSIM: 0.2267836085467955 
PSNR: 17.071034801521797 

Results for 3D filtering before reslicing for slice 0, experiment 2: 
MSE: 1275.4698292476753 
SSIM: 0.22657852835844602 
PSNR: 17.074101708709225 
